#[cardinal direction: theta]
N: 1.450136 
W: 3.097337
S: -1.677130
E: -0.101050
