T1: [-0.144015, -0.700959, 3.097397]
T2: [-0.091126, 0.051832, 3.081388]
T3: [-0.128553, 0.746892, 3.011724]
T4: [0.855848, -0.020629, -0.099740]
T5: [1.864589, -0.728970, -0.113526]
T6: [1.873311, 0.545100, -0.027812]
EXIT: [3.540164, -0.224974, -0.121809]
