S1: [0.973589, 0.787628, -0.002287]
S2: [0.946813, 0.010946, 0.003198]
S3: [0.965194, -0.775692, 0.008303]
D1: [-0.745295, -0.754978, -3.123416]
D2: [-0.800100, 0.720480, -3.126425]
T1: [-0.004699, 0.037540, -0.002145]
EXIT: [-2.114633, -0.027324, 3.113028]
