#[cardinal direction: theta]
N: -1.560233
W: 0.009855
S: 1.597691
E: -3.097791
