# [x,y,theta]

#medicine: [3.0, 0.0, 0.0]

sofa_2: [7.842080, 16.995509, -1.215922]
sofa: [9.627190, 17.720473, -2.742360]


R2: [7.842080, 16.995509, -2.715922]
medicine: [7.842080, 16.995509, -2.715922]
