# [x,y,theta]

dinner_table: [7.842080, 16.995509, -1.215922]
home: [9.627190, 17.720473, -2.742360]





