#[cardinal direction: theta]
N: -1.200542
W: 0.450422
S: 1.967408
E: -2.759777
