S7: [2.050236, -4.850139, -1.202513]
S6: [1.236423, -5.207029, -1.198771]
S5: [0.502710, -5.526255, -1.192549]
D3: [0.423973, -3.585581, -1.164226]
S4: [1.922561, -3.652870, -1.159679]
D4: [3.232332, -3.584147, -1.206925]
D2: [-0.360491, -2.806961, -1.197729]
S1: [-0.912394, -2.268787, -1.170967]
D1: [0.244802, -1.951619, -1.203937]
S3: [1.026089, -1.667958, -1.192062]
S2: [2.299709, -1.253305, -1.195952]
EXIT: [-0.336365, 0.236920, -1.220148]
