#[cardinal direction: theta]
N: -1.200542
W: 0.450422
S: 1.967408
E: -2.759777

N: [2.472337, -2.175567, ]
E: [2.978172, -3.373677, ]
S: [2.948429, -3.293577, ]
W: [2.983459, -3.282105, ]
